 __________________________________________________________________________________________________
|                                 Thanks for using Cy-RSoXS                                        |
|--------------------------------------------------------------------------------------------------|
|  Copyright          : Iowa State University                                                      |
|  License            : MIT                                                                        |
|  Acknowledgement    : ONR MURI                                                                   |
|  Developed at Iowa State University in collaboration with NIST                                   |
|  Please cite the following publication :                                                         |
|  Comments/Questions :                                                                            |
|          1. Dr. Baskar GanapathySubramanian (baskarg@iastate.edu)                                |
|          2. Dr. Adrash Krishnamurthy        (adarsh@iastate.edu)                                 |
 -------------------------------------------------------------------------------------------------- 



CyRSoXS: 
=========================================================================================
Version              : 0.9.0
Git patch            : 7cde310
Size of Real         : 4
Number of material   : 3

Scaling Information:
=========================================================================================
Number of pixel      :[1024,1024]
Q range              :[-0.392699,0.392699]



InputData : 
=========================================================================================
Dimensions           : [1024 1024 1]
PhysSize             : 8nm 
E Rotation Angle     : 0 : 2 : 180
K RotationType       : No Rotation : (k = 0,0,1)
Energies simulated   : [270 270.1 270.2 270.3 270.4 270.5 270.6 270.7 270.8 270.9 271 271.1 271.2 271.3 271.4 271.5 271.6 271.7 271.8 271.9 272 272.1 272.2 272.3 272.4 272.5 272.6 272.7 272.8 272.9 273 273.1 273.2 273.3 273.4 273.5 273.6 273.7 273.8 273.9 274 274.1 274.2 274.3 274.4 274.5 274.6 274.7 274.8 274.9 275 275.1 275.2 275.3 275.4 275.5 275.6 275.7 275.8 275.9 276 276.1 276.2 276.3 276.4 276.5 276.6 276.7 276.8 276.9 277 277.1 277.2 277.3 277.4 277.5 277.6 277.7 277.8 277.9 278 278.1 278.2 278.3 278.4 278.5 278.6 278.7 278.8 278.9 279 279.1 279.2 279.3 279.4 279.5 279.6 279.7 279.8 279.9 280 280.1 280.2 280.3 280.4 280.5 280.6 280.7 280.8 280.9 281 281.1 281.2 281.3 281.4 281.5 281.6 281.7 281.8 281.9 282 282.1 282.2 282.3 282.4 282.5 282.6 282.7 282.8 282.9 283 283.1 283.2 283.3 283.4 283.5 283.6 283.7 283.8 283.9 284 284.1 284.2 284.3 284.4 284.5 284.6 284.7 284.8 284.9 285 285.1 285.2 285.3 285.4 285.5 285.6 285.7 285.8 285.9 286 286.1 286.2 286.3 286.4 286.5 286.6 286.7 286.8 286.9 287 287.1 287.2 287.3 287.4 287.5 287.6 287.7 287.8 287.9 288 288.1 288.2 288.3 288.4 288.5 288.6 288.7 288.8 288.9 289 289.1 289.2 289.3 289.4 289.5 289.6 289.7 289.8 289.9 290 290.1 290.2 290.3 290.4 290.5 290.6 290.7 290.8 290.9 291 291.1 291.2 291.3 291.4 291.5 291.6 291.7 291.8 291.9 292 292.1 292.2 292.3 292.4 292.5 292.6 292.7 292.8 292.9 293 293.1 293.2 293.3 293.4 293.5 293.6 293.7 293.8 293.9 294 294.1 294.2 294.3 294.4 294.5 294.6 294.7 294.8 294.9 295 295.1 295.2 295.3 295.4 295.5 295.6 295.7 295.8 295.9 296 296.1 296.2 296.3 296.4 296.5 296.6 296.7 296.8 296.9 297 297.1 297.2 297.3 297.4 297.5 297.6 297.7 297.8 297.9 298 298.1 298.2 298.3 298.4 298.5 298.6 298.7 298.8 298.9 299 299.1 299.2 299.3 299.4 299.5 299.6 299.7 299.8 299.9 ]
Windowing Type       : NONE
Rotation Mask        : 0
Interpolation Type   : Trilinear interpolation
HDF Output Directory : HDF5
Scatter Approach     : Partial
